4
11 1 12 8
2 3 7 4
13 5 0 10
15 14 6 9

4
14 5 4 8
1 7 3 10
15 13 6 2
0 9 11 12

4
3 8 7 4
1 2 11 10
9 0 5 15
6 13 12 14

4
1 2 7 8
0 12 3 13
6 15 14 4
9 11 10 5

4
3 9 10 4
1 15 14 7
2 5 8 12
11 6 0 13

4
3 5 6 4
13 7 0 11
14 1 12 8
10 2 9 15

4
15 1 2 6
10 3 7 4
9 14 0 5
13 12 8 11

4
9 8 3 4
2 5 15 7
6 13 12 10
14 0 1 11

4
1 6 3 8
7 15 12 4
10 5 11 14
9 0 2 13

4
9 5 2 7
6 1 12 3
13 15 11 4
10 0 8 14

4
9 12 1 3
2 13 4 8
6 5 11 7
0 10 14 15

4
6 2 3 4
10 0 1 12
9 8 15 7
13 5 14 11

4
2 12 3 11
8 4 0 10
1 5 14 15
7 6 9 13

4
5 3 0 1
10 12 14 2
6 8 13 7
9 15 11 4

4
7 14 0 2
3 6 10 4
1 13 12 8
5 9 11 15